
 [1] ---(1)-> [2] ---(5)->    [3]
     <-(2)---     <-(6)--- 

  |  ^        |  ^           |  ^
 (3)(4)      (7)(8)         (9)(10)
  v  |        v  |           v  |

[4] --(11)-> [5] --(15)->     [6]
    <-(12)---    <-(16)--

  |   ^        |  ^           |  ^
 (13)(14)      (17)(18)     (19)(20)
  v   |        v  |           v  |

[7] --(21)-> [8] --(23)-> [9]
    <-(22)--     <-(24)--

```
$ ./program --dcycle grid3x3directed.txt 
# of vertices = 9
# of edges = 24
# of ZDD nodes = 316
# of solutions = 38
24 23
22 21
20 19
18 17
23 20 17 16
24 19 18 15
16 15
14 13
21 18 13 12
23 21 20 16 13 12
22 17 14 11
24 22 19 15 14 11
12 11
10 9
8 7
23 20 17 10 7 6
15 10 7 6
23 21 20 13 12 10 7 6
24 19 18 9 8 5
16 9 8 5
24 22 19 14 11 9 8 5
6 5
4 3
21 18 13 8 3 2
23 21 20 16 13 8 3 2
11 8 3 2
23 21 20 13 10 6 3 2
21 18 15 13 10 6 3 2
23 20 17 11 10 6 3 2
15 11 10 6 3 2
22 17 14 7 4 1
24 22 19 15 14 7 4 1
12 7 4 1
24 22 19 14 9 5 4 1
22 17 16 14 9 5 4 1
24 19 18 12 9 5 4 1
16 12 9 5 4 1
2 1
```
